ADD	000000	00000	100000
ADDU	000000	00000	100001
AND	000000	00000	100100
DIV	000000	0000000000	011010
DIVU	000000	0000000000	011011
MFC0	010000	00000	00000000000
MFHI	000000	0000000000	00000	010000
MFLO	000000	0000000000	00000	010010
MTC0	010000	00100	00000000000
MTHI	000000	000000000000000	010001
MTLO	000000	000000000000000	010011
MULT	000000	0000000000	011000
MULTU	000000	0000000000	011001
NOR	000000	00000	100111
OR	000000	00000	100101
SLL	000000	000000
SLLV	000000	00000	000100
SLT	000000	00000	101010
SLTU	000000	00000	101011
SRA	000000	00000	000011
SRAV	000000	00000	000111
SRL	000000	000010
SRLV	000000	00000	00011
SUB	000000	00000	100010
SUBU	000000	00000	100011
XOR	000000	00000	100110